world-war:132.882823793
war-ii:72.4963025551
civil-war:63.1704984877
nuclear-war:11.988985786
vietnam-war:10.1318124132
cold-war:8.87032843065
korean-war:6.40372144435
revolutionary-war:6.21068191938
war-effort:4.63047376
war-department:4.39215277688
war-years:3.96034138244
american-war:2.75170774127
mexican-war:2.67256634178
great-war:2.25164112371
war-ended:2.1280668668
war-period:2.05617456569
war-broke:1.99384621755
war-college:1.97746082696
declared-war:1.85066855033
war-office:1.75281730078
war-crimes:1.52532768684
indian-war:1.47347402251
naval-war:1.43248046053
crimean-war:1.42712521041
japanese-war:1.39314131765
war-cabinet:1.37876713471
war-began:1.25982332776
boer-war:1.22788950025
war-criminals:1.19233051074
holy-war:1.13985555294
kippur-war:1.12571517218
declare-war:1.06458422906
trojan-war:1.05759517728
war-veterans:1.02393805734
prussian-war:1.02126890482
european-war:0.999168080265
guerrilla-war:0.959960173941
pacific-war:0.948078238893
day-war:0.933960148922
wage-war:0.895709919053
peloponnesian-war:0.887968106735
make-war:0.870683919307
war-production:0.834815764706
war-era:0.829868680426
war-ll:0.802355875263
war-powers:0.799024427687
war-plans:0.775025219131
war-came:0.765905431061
war-memorial:0.747802609743
years-war:0.73544220357
war-veteran:0.731332329335
war-correspondent:0.717471982615
total-war:0.715543281925
israeli-war:0.710720271148
conventional-war:0.687370048866
war-zone:0.67953049198
waging-war:0.676626456433
war-games:0.672068052219
just-war:0.658398130834
german-war:0.643355850465
war-council:0.634058100716
war-hero:0.61718969
iraq-war:0.596597450154
war-diary:0.586252581872
war-service:0.573813292561
war-machine:0.568807177909
war-aims:0.552605504936
air-war:0.541115398857
nazi-war:0.53302118795
limited-war:0.503711892848
war-industries:0.499476487763
imperial-war:0.493817965305
war-iii:0.482574631239
major-war:0.471492889819
secret-war:0.464679423136
war-n:0.45799631988
war-party:0.456566598648
war-did:0.450758536904
patriotic-war:0.450688666518
national-war:0.442814513354
undeclared-war:0.440404214414
war-labor:0.427793436843
falklands-war:0.425946316526
seminole-war:0.417383055787
war-economy:0.414452870881
postworld-war:0.407177199928
indochina-war:0.406351056845
war-stories:0.404736593049
modern-war:0.403802296761
army-war:0.40084897573
war-brought:0.39417158527
british-war:0.392483856901
war-minister:0.390979443491
war-museum:0.39094045779
war-l:0.384565554363
global-war:0.383887659308
punic-war:0.37911141237
october-war:0.371694424674
war-pension:0.371578940765
declaring-war:0.370494897711
